100
    1        0   10  187    6  178    9  126    5  178    8  161    5  190    3  121   10  180   10  -1
    2      138    9  146    9   70    7   60   10   64    7  176   14  161   12   89    1  145   11  160   12  -1
    3      161    1   61    9  121    6  141   12  121   12  167    3   74    6  102   10  106    3   61    1  -1
    4      652  140  103  112   83  268  200  249  129  115   69  181  -1
    5      885    1  139   11  159    3   63    2   91    6   63   14  177   11  174   15  192    6  132    2  -1
    6     1091   14  194    9  104    9  120    2  152   13   92    9  194    5  145   12  180   14  -1
    7     1274    8   65   14  104    7   60    1   97   15  145   11  140   15  129    8  150    8  195    1  -1
    8     1557    5   83   14  187    4   64    2   52    4  -1
    9     1909  132   70  292  181  212  103  204  -1
   10     2304    5  183    4  134    1   60    9   61    7  106   15  182    5  102    3  -1
   11     2668   14  118    8   83   15  128    4   50    8  137    1  -1
   12     2687    8  106    8  126    5  155   10   65    5  177   14   98    1  -1
   13     2729  157   74  200  198  242  -1
   14     3098   15  103   10  140   12  149   10  171    8  119    4  120   12  -1
   15     3231    5  127    5  183    8  116   13  186    5  105   15  -1
   16     3695  221  116  224  108  112  178  156  -1
   17     3957    1  195    9  180   10   60    5  129   14  -1
   18     4200    3  169   12  134    1  163    2   60    5  183    9  174    1  -1
   19     4513    7   97   13  126    6  177   14   61    7  -1
   20     4939    3  198   11  192    8  100   10  189    5  199    1   76    9  121    2   69    1  147   15  -1
   21     5416    6   83   15  144    3  123    6  183    4  198    6  111    6  -1
   22     5819    5  170    9  126   10   88   13  194   14  191    2  166   13  132    5  195    4   60    5  -1
   23     5974  115  125  165  163  257  125  287  143  179  -1
   24     6073    5  105   14  103   15  185    7  186    6  197   15   72    6   78   14  128   11  -1
   25     6490  224  156  241   70  130  -1
   26     6954    7   72    7  122   10  185    5  170   15   66    9  115    7   70    7   53   12  -1
   27     7206   10  147    5  165    5  119   15  129   13  143   13  162    5  194   14   87    1   56    3  -1
   28     7433   11   84    1  142    7   73    6  165    6  185    9   92    2  -1
   29     7917    8  108   14  178    8  184   15  101    9  148    7  -1
   30     8366  159   97  159  161  137  195  152   95  217  134  256  -1
   31     8808   15  133   13   63    6  121   11  -1
   32     8947    2  121    1  164    6  145    4  127   15  200    7  177    1   70    2  151    2  -1
   33     8981    8  141    4  119   10  197    7  143   12   92    5  107    1  155    6  -1
   34     9025    4   87   10   65   11   98   11   79    4  186   12  -1
   35     9392   10  116    1   53   10  199    7  109    6  -1
   36     9496  269  183  159  198  157  -1
   37     9769   12   92    2  129    5  187   10  196    4  169   14  200    6  -1
   38    10193    5  146    1  183    3  167    7   87    2   84    5  187    9  115   15  160    5  -1
   39    10579    5  146    6   53    6  155    6  147    2   52   10  194   13   90    3   86   13  157    1  -1
   40    10734    5  103    7   68    4  175   15  -1
   41    11168    3   69    9  105   13  198    6   73    6  -1
   42    11289    2  192    7  134    4  103   11  134   11  172    7  -1
   43    11351    8  125    1  197    8   83   11  -1
   44    11513   14  139    7  106   14   74   10  104    4  180   12  159   14   69   14  -1
   45    11555    3  177    3  108   14  118    4  -1
   46    11780  254   85  277  132  212  115  168  146  137  187  204  -1
   47    12038    4  197   13  151    6  191    3  -1
   48    12283    2   66    9  104    5   67   14  -1
   49    12714   12   70   14  119    1   80    6  166   12   68    3  -1
   50    12733    3   94   10  168   11  103   10  186    3   88   11   94    7  -1
   51    13210    2  179    8  178   10  137    7  150   10  188    2  199   10  181   12   64    3   82   13  -1
   52    13278    8   50    5   79   10   88   15  140    8  123   12  161   15  -1
   53    13502  275  148  104   80  276  119  105   89  204   82  177  -1
   54    13663    9   80    8  199   12   98    9  145    3   73    1  -1
   55    13973    3   78    8  133    6   62    4  119   12  171    1   60    5   76    9   89    7  -1
   56    14421   14  175    9  161    6  119    7  132    8  167    9  194    5  165    9  169    2   87    5  -1
   57    14864    7   56   15  183    6   92    9  -1
   58    14939   15   55    5  199    4  133   12   96    2  127    6  -1
   59    15012  241   65  100   89  294   59  221  179  100   92  124  -1
   60    15228   15   57    7  147   13  158    3  136    8  -1
   61    15255   11   69   11  188   15  178   10  -1
   62    15612   14   94   12   56   10   52   12   66   13  125    1   82    4  -1
   63    15933   13   79    9  149    1  133    9  135   12  154   13  118   15  127    6  131   13  -1
   64    16298   14  200    4  101    6  143    7  144    8  119   13  -1
   65    16499    5  109   14   60   11   89    4  103   13   98    7  140    8  149    4  117   14  -1
   66    16861    6  186    1  175   13  185    1  183    5  190    9  170   15  192   12   89   10  -1
   67    17332   10  120   14  166   11   87   14   68    3  144    2  123    7  148   12   54    4  -1
   68    17442    4   55   15  173   15  156   11  -1
   69    17730    2   81    4  129    5   86   14  -1
   70    18125    2  190    3   93    7  162    4   68    9   81   15  177    7   54   13   81    2  159    9  -1
   71    18485    7  126    3   75   14  151    5   62    9  -1
   72    18719    6  140    4  151   11   65    6  181    8   65    1  140    8  143   12  146    4  -1
   73    18780    9  190    5  188   12   98    7   78   14   52   14  163    6   50    2  -1
   74    18866  159   55  130   58  266  149  225  -1
   75    19073  238   98  284  170  133   64  249  -1
   76    19218    2  168    5   83   14   94    8  192   10   96   11  161   15  138    6  -1
   77    19395   10  126    5  123    5  169    2   56    4  -1
   78    19524   12  177    5  105    6  140    3   90   12   84   10  162   15  187    4  159    4  -1
   79    19801  272  177  235  178  153  122  226  126  112  160  165   64  199  -1
   80    20031  138   64  157  193  260  118  186   88  153   50  161   81  113  -1
   81    20525    2   72   15  137   15   93    1   58   14  177    5  137    6  -1
   82    20744    7   57    2  200    4  155    8  178   13   82   10  -1
   83    21076   13   87    4   77    2  158    1  182   10  121    6  -1
   84    21465    7   81    7   79    5  115   12  163    8  112    9  171    6  145    4  187    7  167    8  -1
   85    21532    5  112    5   78    9  130    5  189   15  140    9   97   13  -1
   86    21966    6  177    7  157    1  195   11  147    7  190   12   52    4  104    8  -1
   87    22262   14  146    6   97    6   82    5  152    1  152   11   86   14   75    8  194   12  -1
   88    22287    4  165    3  161    7  162   15  161   13  178   10  -1
   89    22751   13   54   11   82    8  137   11  -1
   90    22797    4  183   14  163    6  100    1  187    4   56    3  -1
   91    23015    4  133    2   67   15   56    3  179    7   53   13  -1
   92    23391    2  106    9  104    5  181   12  175   12   55    3   93    7  107   11  -1
   93    23788  154  149  295  189  109  -1
   94    23816   14  176    6  101   13  192    4   81   10  194    8  -1
   95    24042    3  125   14  122   13  148    7  193    8  -1
   96    24444    9   91   15  105   11  151   10  120    2  197   14  157   12  152    4   87   14  116    4  -1
   97    24846    8  169   12   88   11   51   14   98    6  -1
   98    25232    9  137   12   61   12  160    9  113    9   81   11   64   12  -1
   99    25316    8  117   11  128    9  140   13  194   10  154    3  -1
  100    25622    4   62    7  128    3  118    5   77    5  153    6  190   15  -1
